2.3773460208102063302432319135324718004247224447014e-52 0.1778943052059348073904420703077093270385434786424
-2.3773460208102063302432319135324718004247224447014e-52 0.00000015598782417167463988789668314869718964807020087087
0.1778941492181106357158021824110261783413538305722 0.00000015598782417167463988789668314869718964807020046315
0.1778941492181106357158021824110261783413538305722 0.1778943052059348073904420703077093270385434786424
0.1778941492181106357158021824110261783413538305722 0.1778941492181106357158021824110261783413538305722
0.1778941492181106357158021824110261783413538305722 4.1391618338528110712241254855808368257704256324984e-53
0.35578829843622127143160436482205235668270766114441 -4.1391618338528110712241254855808368257704256324984e-53
0.35578829843622127143160436482205235668270766114441 0.1778941492181106357158021824110261783413538305722
0.35578829843622127143160436482205235668270766114441 0.1778941492181106357158021824110261783413538305722
0.35578829843622127143160436482205235668270766114441 -5.9165995208038378176618353359032963918462798370357e-53
0.53368244765433190714740654723307853502406149171661 -1.7856860687298225484770483799421421612400944609978e-52
0.53368244765433190714740654723307853502406149171661 0.1778941492181106357158021824110261783413538305722
0.63076620015741305227383271975401473729154463084784 0.17825434260315422782334598590835648432797566756045
0.63040569821180014178339888960508478745604212875926 0.0003605586634599796919465301432943140213856645190061
0.80829948215149438991479834537014695776263213180071 0.000000056717847069201512699994364364185883162430427765876
0.80865998409710730040523217551907690759813463388929 0.17789384065754131733291215575942653449247316547188
0.80961149022338514316035377475413892282414863025625 0.1778941492181106357158021824110261783413538305722
0.80961149022338514316035377475413892282414863025625 1.3762473096618729423490103784973528845418987571242e-53
0.98750563944149577887615595716516510116550246082845 -1.3762473096618729423490103784973528845418987571242e-53
0.98750563944149577887615595716516510116550246082845 0.1778941492181106357158021824110261783413538305722
0.8221058507818893642841978175889738216586461694278 0.35578829843622127143160436482205235668270766114441
0.8221058507818893642841978175889738216586461694278 0.1778941492181106357158021824110261783413538305722
1.0 0.1778941492181106357158021824110261783413538305722
1.0 0.35578829843622127143160436482205235668270766114441
0.0 0.4295287058418756496734167824460558011282723417103
-1.1886730104051031651216159567662359002123612223507e-52 0.2516345566237650139576146000350296227869185111381
0.1778941492181106357158021824110261783413538305722 0.2516345566237650139576146000350296227869185111381
0.1778941492181106357158021824110261783413538305722 0.4295287058418756496734167824460558011282723417103
0.1778941492181106357158021824110261783413538305722 0.35578829843622127143160436482205235668270766114441
0.1778941492181106357158021824110261783413538305722 0.1778941492181106357158021824110261783413538305722
0.35578829843622127143160436482205235668270766114441 0.1778941492181106357158021824110261783413538305722
0.35578829843622127143160436482205235668270766114441 0.35578829843622127143160436482205235668270766114441
0.45305282776006773247830696237806751857657087083039 0.51010408760344999371469667497364277865901884678995
0.32726266851453014081340950852426472664148367316463 0.38431392835791240204979922111983998672393164912419
0.45305282776006773247830696237806751857657087083039 0.25852376911237481038490176726603719478884445145842
0.57884298700560532414320441623187031051165806849615 0.38431392835791240204979922111983998672393164912419
0.57888068364188661071942684289324996756419567376561 0.38427623172163111547357679445846032967139404385473
0.45309052439634901905452938903944717562910847609985 0.25848607247609352380867934060465753773630684618897
0.57888068364188661071942684289324996756419567376561 0.1326959132305559321437818867508547458012196485232
0.70467084288742420238432429674705275949928287143137 0.25848607247609352380867934060465753773630684618897
0.71473723385459290952279854505931588110576411295186 0.5
0.5889470746090553178579010912055130891706769152861 0.37420984075446240833510254614619720806491280233424
0.71473723385459290952279854505931588110576411295186 0.24841968150892481667020509229239441612982560466847
0.84052739310013050118769599891311867304085131061762 0.37420984075446240833510254614619720806491280233424
0.82316847232959671838474236585056182202003330557761 0.58833775641770997597237883590345395731568722578603
0.80319273702364272112332630009867393504387620626127 0.41156870277702919684514562409030154607284104754913
0.97996179066432350025055951191182634628672238449816 0.39159296747107519958372955833841365909668394823278
0.99993752597027749751197557766371423326287948381451 0.56836202111175597871096277015156607033953012646968
0.0000027104878397228773457254217878722919280666450318265 0.62776877789303422098796949034786173242017167732131
8.764997048669850176648022434263381184950748161694e-16 0.44987462869557279373775364027989291335753426595628
0.17789414919746230374992071705298648386488083770314 0.44987191820773394736011278184312270586784962564937
0.17789685968530115012756157548975669135456547801006 0.62776606740519537461032863191109152493048703701439
0.31644253266831954627300306243525406465592671864165 0.62362499207806072328193584753139121859881627042708
0.17789509644144033455898787257968812203269348506575 0.51204122873861134440687517628338353709885920939233
0.2894788597808897134340485438276958035326505461005 0.37349379251173213269285998642781759447562597581642
0.42802629600776892514806373368326174615588377967641 0.48507755585118151156792065767582527597558303685117
0.46315691536351772619300363735171029723558971762034 0.75158031849107518332979490770760558387017439533152
0.33736675611798013452810618349790750530050251995458 0.62579015924553759166489745385380279193508719766576
0.46315691536351772619300363735171029723558971762034 0.5
0.5889470746090553178579010912055130891706769152861 0.62579015924553759166489745385380279193508719766576
0.5889470746090553178579010912055130891706769152861 0.62579015924553759166489745385380279193508719766576
0.46315691536351772619300363735171029723558971762034 0.5
0.5889470746090553178579010912055130891706769152861 0.37420984075446240833510254614619720806491280233424
0.71473723385459290952279854505931588110576411295186 0.5
0.7245021748903911944823501777658841661123276812756 0.74181537745527689837024327500103729886361082700779
0.59871201564485360281745272391208137417724048360983 0.61602521820973930670534582114723450692852362934203
0.72450217489039119448235017776588416611232768127559 0.49023505896420171504044836729343171499343643167627
0.85029233413592878614724763161968695804741487894136 0.61602521820973930670534582114723450692852362934203
0.8221058507818893642841978175889738216586461694278 0.8221058507818893642841978175889738216586461694278
0.8221058507818893642841978175889738216586461694278 0.64421170156377872856839563517794764331729233885559
1.0 0.64421170156377872856839563517794764331729233885559
1.0 0.8221058507818893642841978175889738216586461694278
0.0 0.80573886057967226427828820332443536252060737997576
-1.1886730104051031651216159567662359002123612223507e-52 0.62784471136156162856248602091340918417925354940356
0.1778941492181106357158021824110261783413538305722 0.62784471136156162856248602091340918417925354940356
0.1778941492181106357158021824110261783413538305722 0.80573886057967226427828820332443536252060737997576
0.1778941492181106357158021824110261783413538305722 0.8221058507818893642841978175889738216586461694278
0.1778941492181106357158021824110261783413538305722 0.64421170156377872856839563517794764331729233885559
0.35578829843622127143160436482205235668270766114441 0.64421170156377872856839563517794764331729233885559
0.35578829843622127143160436482205235668270766114441 0.8221058507818893642841978175889738216586461694278
0.35578866187544499267313655595812465612686476711732 0.98059943908375030466883729897586347223931676761823
0.3557882984363146155171506111796870481645036113884 0.80270528986601091380154812761682535071033922567218
0.53368244765405400638443978253872516969348115333445 0.80270492642688053664556218283838774274797806994326
0.53368281109318438354042572731716277765584230906337 0.98059907564461992751285135419742586427695561188931
0.59864755372993976467014107298801088118637049575752 0.86766999861572832818245237977891058378956801252587
0.47285739448440217300524361913420808925128329809176 0.74187983937019073651755492592510779185448081486011
0.59864755372993976467014107298801088118637049575752 0.61608968012465314485265747207130499991939361719434
0.72443771297547735633503852684181367312145769342328 0.74187983937019073651755492592510779185448081486011
0.64421170156377872856839563517794764331729233885559 1.0
0.64421170156377872856839563517794764331729233885559 0.8221058507818893642841978175889738216586461694278
0.8221058507818893642841978175889738216586461694278 0.8221058507818893642841978175889738216586461694278
0.8221058507818893642841978175889738216586461694278 1.0
0.8221058507818893642841978175889738216586461694278 1.0
0.8221058507818893642841978175889738216586461694278 0.8221058507818893642841978175889738216586461694278
1.0 0.8221058507818893642841978175889738216586461694278
1.0 1.0
2.3773460208102063302432319135324718004247224447014e-52 0.98454731790025342776433162359999040210811914908954
2.3773460208102063302432319135324718004247224447014e-52 0.80665316868214279204852944118896422376676531851733
0.1778941492181106357158021824110261783413538305722 0.80665316868214279204852944118896422376676531851733
0.1778941492181106357158021824110261783413538305722 0.98454731790025342776433162359999040210811914908954
0.1778941492181106357158021824110261783413538305722 1.0
0.1778941492181106357158021824110261783413538305722 0.8221058507818893642841978175889738216586461694278
0.35578829843622127143160436482205235668270766114441 0.8221058507818893642841978175889738216586461694278
0.35578829843622127143160436482205235668270766114441 1.0
