11 3.8770835900
17 4.6755300900
18 4.8228756600
19 4.8856180800
26 5.6213203400
27 5.7071067800
28 5.8244446200
29 5.9338334600
37 6.5986196100
38 6.7071067800
39 6.8107220800
41 6.9266930900
50 7.5714285700
51 7.7007992400
52 7.7071067800
53 7.8228756600
54 7.8466671900
55 7.9457710100
65 8.5355339100
66 8.6568542500
67 8.7071067800
68 8.8034599400
69 8.8272120600
70 8.8816667600
71 8.9440715600
82 9.5355339100
83 9.6348256200
84 9.7071067800
85 9.7426406900
86 9.8228756600
87 9.8388174400
88 9.8881530500
89 9.9497474700
101 10.5355339100
102 10.6113882300
103 10.7038347700
104 10.7071067800
105 10.8078939900
106 10.8229797300
107 10.8466671900
108 10.9259193900
109 10.9497474700
110 10.9968377800
122 11.5355339100
123 11.6013997900
124 11.6568542500
125 11.7071067800
126 11.7761789500
127 11.8228756600
128 11.8250919700
129 11.8813062200
130 11.9111905200
131 11.9565486900
132 11.9914364400
145 12.5355339100
146 12.6009077800
147 12.6568542500
148 12.6568542500
149 12.7071067800
150 12.7781745900
151 12.8228756600
152 12.8310028200
153 12.8816667600
154 12.9317118400
155 12.9585138900
156 12.9821917200
170 13.5355339100
171 13.5714285700
172 13.6189889900
173 13.6568542500
174 13.7071067800
175 13.7781745900
176 13.8228756600
177 13.8230287500
178 13.8466671900
179 13.8954098200
180 13.9351393000
181 13.9569841600
182 13.9744296100
197 14.5355339100
198 14.5714285700
199 14.6189889900
200 14.6568542500
201 14.7071067800
202 14.7279220600
203 14.7781745900
204 14.8228756600
205 14.8244511500
206 14.8725318900
207 14.8939786000
208 14.9378304500
209 14.9586824400
210 14.9742139700
226 15.5355339100
227 15.5710678100
228 15.6090228200
229 15.6568542500
230 15.6829268300
231 15.7071067800
232 15.7781745900
233 15.7781745900
234 15.8228756600
235 15.8266056300
236 15.8760767700
237 15.9142135600
238 15.9398467600
239 15.9564330400
240 15.9755940400
241 15.9909168500
257 16.5355339100
258 16.5710678100
259 16.6025714100
260 16.6568542500
261 16.6829268300
262 16.7071067800
263 16.7426406900
264 16.7781745900
265 16.7781745900
266 16.8230620800
267 16.8466671900
268 16.8793320900
